# Created by Octave 4.0.2, Mon Jul 11 11:06:27 2016 CEST <michael@pelican>
# name: thetahat
# type: matrix
# rows: 6
# columns: 1
 -0.08427152917316048
 0.03778979371869273
 0.2845212319684871
 0.2944140696741266
 0.7681258985361203
 -0.5930189157211094


# name: lowerCI
# type: matrix
# rows: 6
# columns: 1
 -0.0999999998018517
 -0.002328327648778257
 0.04714372174941533
 0.2469302572808181
 0.6864806456484522
 -0.6795272784759517


# name: upperCI
# type: matrix
# rows: 6
# columns: 1
 0.01177293229723202
 0.0785472478471075
 0.4893075406301979
 0.3489780601277725
 0.8156636432115948
 -0.5143128766084245


