# Created by Octave 4.0.2, Thu Jul 07 15:39:36 2016 CEST <michael@pelican>
# name: bandwidths
# type: matrix
# rows: 20
# columns: 1
 0.0001
 0.0056398891966759
 0.0222595567867036
 0.0499590027700831
 0.0887382271468144
 0.1385972299168975
 0.1995360110803324
 0.2715545706371191
 0.3546529085872576
 0.4488310249307478
 0.55408891966759
 0.6704265927977839
 0.7978440443213296
 0.9363412742382272
 1.085918282548476
 1.246575069252078
 1.41831163434903
 1.601127977839335
 1.795024099722991
 2


# name: cicoverage
# type: matrix
# rows: 6
# columns: 20
 0 0 0.05263157894736842 0.131578947368421 0.3947368421052632 0.5263157894736842 0.631578947368421 0.631578947368421 0.631578947368421 0.631578947368421 0.6052631578947368 0.631578947368421 0.631578947368421 0.631578947368421 0.631578947368421 0.631578947368421 0.6578947368421053 0.6842105263157895 0.8157894736842105 0.9210526315789473
 0 0 0.02631578947368421 0.1052631578947368 0.5526315789473685 0.7368421052631579 0.7894736842105263 0.7894736842105263 0.7894736842105263 0.7894736842105263 0.8157894736842105 0.8157894736842105 0.8157894736842105 0.8157894736842105 0.8157894736842105 0.868421052631579 0.868421052631579 0.8947368421052632 0.9210526315789473 0.9210526315789473
 0 0 0.07894736842105263 0.2631578947368421 0.7368421052631579 0.8947368421052632 0.9736842105263158 0.9736842105263158 0.9736842105263158 0.9736842105263158 0.9736842105263158 0.9473684210526315 0.9210526315789473 0.9210526315789473 0.9210526315789473 0.9210526315789473 0.9473684210526315 0.9473684210526315 0.9473684210526315 0.9473684210526315
 0 0 0.02631578947368421 0.1052631578947368 0.3947368421052632 0.4736842105263158 0.5263157894736842 0.7105263157894737 0.7368421052631579 0.7631578947368421 0.7631578947368421 0.7894736842105263 0.8157894736842105 0.8157894736842105 0.868421052631579 0.8947368421052632 0.8947368421052632 0.8947368421052632 0.9473684210526315 0.9736842105263158
 0 0 0.05263157894736842 0.2631578947368421 0.6842105263157895 0.868421052631579 0.9210526315789473 0.9473684210526315 0.9210526315789473 0.8947368421052632 0.8947368421052632 0.8947368421052632 0.8947368421052632 0.8947368421052632 0.9210526315789473 0.9210526315789473 0.9210526315789473 0.9210526315789473 0.9210526315789473 0.9210526315789473
 0 0 0.02631578947368421 0.07894736842105263 0.2631578947368421 0.5789473684210527 0.631578947368421 0.6842105263157895 0.7105263157894737 0.7368421052631579 0.7368421052631579 0.7631578947368421 0.7631578947368421 0.7894736842105263 0.7631578947368421 0.8421052631578947 0.8947368421052632 0.9473684210526315 0.9736842105263158 1


# name: rmses
# type: matrix
# rows: 6
# columns: 20
 0.02724472338249207 0.03140580921813104 0.05460795908327438 0.05756689467567313 0.05714752668140837 0.05264214974686672 0.05088773593465065 0.05034345850498171 0.04785888507459526 0.04590240114341359 0.04512720443018989 0.04479785627537464 0.04468281978901571 0.04467656245211955 0.0447090882279989 0.04475168617501262 0.04481050645249291 0.0449011954804238 0.04502927138303637 0.0451869088221882
 0.04718503885511315 0.04248208277656536 0.03466019283907781 0.03923953310066258 0.03649462256314366 0.03320962542202131 0.03290150050762736 0.03308984189513568 0.03302857446211899 0.033046537084794 0.03324646480279366 0.03336839774937401 0.03335671773158202 0.03326065277169831 0.03314003271466798 0.03304104952766899 0.03301396144684754 0.03310060093658287 0.03330227321790729 0.03356595364111661
 0.3479529011580655 0.2918464724568475 0.4417918917576047 0.3716478196572842 0.3628143361712546 0.4011899899917037 0.4107672358119691 0.3852271372222538 0.3595254613855892 0.3420667635945905 0.3199596413753605 0.3118268859588681 0.3304317803428908 0.3650226974452829 0.4024411326825228 0.4365172280714719 0.465680540956826 0.4896801541702914 0.5089145840821051 0.524199607936875
 0.1632190443013658 0.1420945775299731 0.05067969021765503 0.06213582066567463 0.0631383586335246 0.05897088437505801 0.05841971166068812 0.05837996086532114 0.05202766755689441 0.04540624416534499 0.04119726834912194 0.0392019437161167 0.03841593408998571 0.03813323273543547 0.03801672167752587 0.03794206008937128 0.03787459613492664 0.03781567968576236 0.03777293363896474 0.03774973587675343
 0.4820634475999926 0.4173609484306766 0.1469532335753045 0.1825463261971104 0.1612836221098608 0.1408136750288898 0.1383907775225943 0.1328570730181427 0.1280655320595733 0.1198798425081478 0.1154150233425961 0.1162594561642722 0.1196616175876454 0.1238848736142703 0.1280882015639269 0.13193996870319 0.1352892541093609 0.1380606876839618 0.1402795092054923 0.1420372070162084
 0.4017141235449209 0.3501040988475773 0.08660536993137508 0.110468602850709 0.09612892408259299 0.09001173759202392 0.09112996292711047 0.09018189943475495 0.08309530587924169 0.07193166947157101 0.06766768542215044 0.06719777594998136 0.06828915762067321 0.07022020392572804 0.07232449179615878 0.07418737939101895 0.07568881266244329 0.07686908530602878 0.07780684604006398 0.07856444504808315


