# Created by Octave 4.0.2, Fri Jul 08 18:22:20 2016 CEST <michael@pelican>
# name: bandwidths
# type: matrix
# rows: 20
# columns: 1
 0.0001
 0.01118005540166205
 0.04442022160664819
 0.09982049861495844
 0.1773808864265927
 0.2771013850415512
 0.3989819944598337
 0.5430227146814404
 0.709223545706371
 0.8975844875346258
 1.108105540166205
 1.340786703601108
 1.595627977839335
 1.872629362880886
 2.171790858725762
 2.493112465373962
 2.836594182825484
 3.202236011080333
 3.590037950138504
 4


# name: cicoverage
# type: matrix
# rows: 6
# columns: 20
 0 0.01 0.18 0.545 0.65 0.68 0.71 0.705 0.725 0.73 0.745 0.795 0.82 0.855 0.875 0.875 0.895 0.895 0.895 0.895
 0 0.01 0.175 0.5 0.625 0.625 0.665 0.675 0.68 0.6850000000000001 0.695 0.715 0.75 0.835 0.915 0.9350000000000001 0.945 0.95 0.96 0.965
 0 0.015 0.28 0.745 0.905 0.9399999999999999 0.955 0.96 0.965 0.975 0.97 0.975 0.98 0.985 1 1 1 1 1 1
 0 0.005 0.11 0.42 0.5600000000000001 0.595 0.62 0.625 0.64 0.655 0.67 0.695 0.745 0.8149999999999999 0.865 0.9399999999999999 0.99 1 1 1
 0 0.015 0.195 0.62 0.72 0.785 0.8100000000000001 0.84 0.84 0.84 0.85 0.865 0.885 0.905 0.9350000000000001 0.9399999999999999 0.9399999999999999 0.95 0.95 0.95
 0 0.02 0.24 0.625 0.765 0.775 0.79 0.825 0.83 0.825 0.84 0.865 0.88 0.925 0.955 0.99 1 1 1 1


# name: rmses
# type: matrix
# rows: 6
# columns: 20
 0.04608733505453839 0.04640036424077368 0.05750567899696515 0.04642045061352531 0.04372845373495009 0.04307248005464259 0.04292365630583249 0.04287503988090588 0.04281705433091594 0.0427493671000664 0.04267413415968148 0.04259428772295419 0.04253870987073088 0.0425510649749011 0.04264048918307993 0.04277848414147502 0.04293091883250945 0.04306194277802807 0.04317173161915699 0.0432618353514089
 0.03187392440279927 0.03939085027818306 0.05306914976762023 0.03958092920335105 0.03730256382237963 0.03684536055079422 0.03681903262754428 0.03680271495565459 0.03678297363125193 0.03676056406526348 0.03672601197381203 0.03668112237454638 0.03666217798710263 0.03672596312056235 0.03688547672308783 0.03710023837216878 0.03732178605244129 0.03751366424227318 0.03766316919253343 0.03777092314658136
 0.2193299689069313 0.168001272295547 0.3928829382055611 0.1535857176274808 0.1453603710512817 0.1430578968474819 0.1421159344251808 0.1417709342047948 0.1416246039641222 0.1415283673553214 0.1414135371195242 0.1412699310136347 0.1411974188927415 0.141331416587567 0.1416671547122679 0.1420840343575503 0.1424800501324494 0.1428127092647055 0.1430772381714514 0.1432832187379488
 0.2145219410686378 0.06188656528023874 0.08262811641796773 0.0591326889897265 0.05681547176834909 0.05674693136370949 0.05689524394980653 0.0569757269543264 0.05704206460295155 0.0570826850665558 0.05708984059999841 0.05707128908815654 0.05706991310214539 0.05713827577523931 0.05727196183473938 0.0574268221737067 0.05756832394581789 0.05768304808312155 0.0577707473480305 0.05783614032257276
 0.5812543713221309 0.07051854365584685 0.09690414409380031 0.05538015675099563 0.04970520130888573 0.04903703545059858 0.04901602454261293 0.04905378321819285 0.04908992462889279 0.04909843708903756 0.04906712744403535 0.0489957887357975 0.04892947789984176 0.04893247131167706 0.04899352132311927 0.04906478464255186 0.04912311272408575 0.04916571216988928 0.04919582018061817 0.04921705234568934
 0.4292924605354649 0.07038858936586975 0.1174695843960997 0.06121790491919425 0.05691902782813597 0.05615094867976424 0.05615601643472105 0.05614274438321162 0.0561053837333834 0.05607384375521707 0.05606072599210131 0.05605681661018509 0.05604500811067594 0.05603053564878461 0.05603370612853179 0.05605672882520401 0.05608880641709018 0.05612109279735895 0.05614969181147862 0.05617367054574446


