# Created by Octave 4.0.2, Wed Jun 29 11:31:40 2016 CEST <michael@pelican>
# name: data
# type: matrix
# rows: 349
# columns: 8
 2015 1 2 -0.0369197291565371 0.839368987219911 0.933703079294445 0.684941591526671 0.41689862927295
 2015 1 5 -1.61498659190489 0.7000254995995879 0.7557303022737389 0.665536275601972 0.550070032976039
 2015 1 6 -0.9914725819799131 1.10992600366636 1.31613633466336 1.16042134808229 0.7595378553200021
 2015 1 7 1.00266014340749 0.817914411936923 0.850093102684324 0.554487219183754 0.5787301853639439
 2015 1 8 1.53134715804821 0.715832434161102 0.815951482227666 0.262819002205272 0.268763694035544
 2015 1 9 -0.8927761461695379 0.6252698796162379 0.572440302720304 0.493998373980753 0.5586558857018631
 2015 1 12 -0.86092336832948 0.671807652791036 0.772608379125835 0.607205120759283 0.564306874227992
 2015 1 13 -0.421742790207613 2.18888303089008 2.21959924596797 1.18182355946816 0.707068571227083
 2015 1 14 -0.360836518806362 1.47062004722598 1.6241091742198 0.992056204326933 0.8407766790776621
 2015 1 15 -1.04780430047997 1.03317682629454 0.8737838452071041 0.979005186134991 1.07148069578751
 2015 1 16 1.33277800919096 0.6435800111118141 0.6911740402892951 0.630599684318254 0.72115771506139
 2015 1 20 0.08359694888069311 0.836950629161324 0.6996488424702749 0.7435745928597659 0.554125123637449
 2015 1 21 0.60356348758388 1.0013869558479 0.665010332263546 0.9218468380632561 0.6558720497442879
 2015 1 22 1.41887890924695 0.6104666075791231 0.710275200945335 0.632610515066157 0.44121340808165
 2015 1 23 -0.545845189495164 0.249097637358899 0.270742412951041 0.252180086992899 0.277167154002766
 2015 1 26 0.312131241300939 0.300579342032076 0.343206421677739 0.202186069483254 0.223623321202198
 2015 1 27 -0.887285932355297 1.02598017765601 0.891405029550069 0.51228774747221 0.609704373048515
 2015 1 28 -1.47814511278694 0.9283647280670599 0.8691054796523151 0.8679263397460221 0.8362895880772511
 2015 1 29 0.9453538663928279 0.876070099240669 0.727928649332647 1.09585178866955 0.803149122069979
 2015 1 30 -1.19461806471852 0.979775244394712 0.9178456718990901 0.8902565648331721 0.8260921227205891
 2015 2 2 1.20324736521855 1.17823733323178 1.24600541466096 1.15608986107958 0.978219180097789
 2015 2 3 1.32845166744113 0.88596027653597 0.858816591427504 0.438727614808431 0.5555553389347799
 2015 2 4 -0.366483916596572 0.665515378902066 0.5234729235493409 0.586309336639121 0.475458204982344
 2015 2 5 0.9182308929822189 0.339726605378921 0.362791930735482 0.208399054272514 0.251623709231126
 2015 2 6 -0.329303951494264 0.409814143612074 0.389369331483406 0.428176594619785 0.41957690082058
 2015 2 9 -0.338048277905401 0.336165191955613 0.360319061866561 0.355601739985161 0.272869371041916
 2015 2 10 0.9175200670259009 0.387628640639271 0.397143789445827 0.252462578942304 0.217883908348235
 2015 2 11 -0.0137787162564074 0.278865150141242 0.276620845161396 0.217244379494152 0.226049888515661
 2015 2 12 0.874913893582541 0.263272859008899 0.241739303529702 0.140267023171256 0.131557685854796
 2015 2 13 0.385605512169462 0.104382782188099 0.120747536845266 0.0985661873458793 0.102431034261876
 2015 2 17 0.158236176630489 0.150396726614461 0.190886074888518 0.09961642347044859 0.104074640407969
 2015 2 18 0.0219111266529737 0.191642177120568 0.156572312733056 0.160855461468396 0.120164205133657
 2015 2 19 -0.0814908582335683 0.201932300381177 0.179110758482958 0.0957212595154304 0.112077147463042
 2015 2 20 0.592240832150015 0.206668645751716 0.256956646516089 0.179034934047223 0.200074117993971
 2015 2 23 -0.0146942064800371 0.112932182669578 0.122072487810852 0.070577718789003 0.0799374597104867
 2015 2 24 0.309841433558411 0.101621444453711 0.09349634300713359 0.08400807242066401 0.0922590284752323
 2015 2 25 -0.0733025180314151 0.101107708731643 0.119047736282829 0.0792320560070692 0.08049489893270539
 2015 2 26 -0.147702822317264 0.196898969728272 0.163243684217662 0.184932711778419 0.110879307145657
 2015 2 27 -0.302701292484109 0.12045321615004 0.123354484224341 0.106248437879446 0.114242362701417
 2015 3 2 0.555164872252512 0.07116018987448761 0.0778593871946436 0.0575832474744007 0.0552613819375124
 2015 3 3 -0.378356944625402 0.250709157534357 0.23682192659615 0.219701903713962 0.12760672714659
 2015 3 4 -0.430298377653848 0.445926814964023 0.585107949416323 0.287522618916583 0.175298351030728
 2015 3 5 0.120963340002778 0.127514251237334 0.120758845507967 0.107400229780838 0.0966466619002149
 2015 3 6 -1.42182944423013 0.5454901336868819 0.557884420583428 0.319768569232682 0.274996920494206
 2015 3 9 0.336478043573418 0.150636980407246 0.134881359569893 0.139563396442553 0.140439382352853
 2015 3 10 -1.49610331610903 0.705666445032194 0.8635940511390969 0.447233073183247 0.370828226432225
 2015 3 11 -0.206601528511019 0.348935834008853 0.295017888522314 0.369482096793439 0.218581852994636
 2015 3 12 1.20383638050008 0.425518855867643 0.520436770003356 0.207825312743534 0.144250493735191
 2015 3 13 -0.54396528427727 0.496918972533465 0.560815024586356 0.564561540810572 0.386933087105539
 2015 3 16 1.23255085954357 0.274449172090272 0.322101444259031 0.195617706827609 0.146428362982096
 2015 3 17 -0.306632793850437 0.348089258725912 0.308279461756003 0.212974975969771 0.157595630406195
 2015 3 18 1.26461995131972 1.10552797680098 1.40634078276392 0.740577643751306 0.6011216216266391
 2015 3 19 -0.440289525448456 0.305892221195995 0.316237469864265 0.228954098758761 0.205294500469018
 2015 3 20 0.8555284878406511 0.4436875030335921 0.474017791600619 0.134043631451179 0.121400994294289
 2015 3 23 -0.166172934014774 0.139583485277925 0.148818227279441 0.132266087213307 0.0842411803501569
 2015 3 24 -0.5863330094092229 0.203342952553471 0.222566525088928 0.193750560439886 0.17955440378682
 2015 3 25 -1.53578831592318 0.471345166095932 0.498111878332645 0.490646997698033 0.322584938403082
 2015 3 26 -0.177589950044066 0.763079899541666 0.6265091731613009 0.530738792876819 0.467188559041306
 2015 3 27 0.238796656634666 0.343998651100109 0.229182006709734 0.329853412864095 0.271233648149171
 2015 3 30 1.062591468596 0.463926717525155 0.614797830654306 0.226671638017626 0.168450680903318
 2015 3 31 -0.764412244844248 0.418138085777011 0.343996696301658 0.326551757260181 0.227108513040285
 2015 4 1 -0.380384282893154 0.541929744699808 0.6817926305586219 0.568113042118607 0.384865318990882
 2015 4 2 0.326887556168387 0.259542924523278 0.309309896713311 0.262091163307121 0.198221684146495
 2015 4 6 0.768997054851006 0.285075523861954 0.290816079974768 0.255496423621716 0.137448347869793
 2015 4 7 -0.225649559648389 0.19599421707858 0.199877629341982 0.126921173036547 0.123388203411724
 2015 4 8 0.233964920630392 0.515959080235783 0.633715033520972 0.4923880303609171 0.301478125852781
 2015 4 9 0.470234952946758 0.357238025135515 0.294583330131434 0.240188568257797 0.230101125556901
 2015 4 10 0.503628037162329 0.08033185965900561 0.0748886138034074 0.0686008462436019 0.0776869448295866
 2015 4 13 -0.443888922429814 0.123597570103344 0.134338147792545 0.117771279776523 0.0852683263685861
 2015 4 14 0.183363626965427 0.2765258818509 0.270914705684222 0.213544018306365 0.160558913970418
 2015 4 15 0.403414341194352 0.200810541337311 0.289035538527649 0.145851441791874 0.117720901582603
 2015 4 16 -0.0389446942776317 0.16665104687271 0.158363512392788 0.152977207731284 0.144117443465614
 2015 4 17 -1.02589517483391 0.5788914854298131 0.572915332493431 0.281422517226629 0.327517209215528
 2015 4 20 0.772400228580405 0.373118296513027 0.38880006946028 0.111940152652364 0.150016280554025
 2015 4 21 -0.253790927853892 0.205160351489347 0.155087825402263 0.186541789328176 0.17332018529063
 2015 4 22 0.459797158791009 0.210586152275771 0.256903223347728 0.173822229226355 0.177815272032174
 2015 4 23 0.274867360075248 0.243858424280388 0.218453210118646 0.142181823997274 0.155140785708068
