# Created by Octave 4.0.2, Wed Jun 29 11:31:40 2016 CEST <michael@pelican>
# name: Zn
# type: matrix
# rows: 39
# columns: 1
 -0.004786837276619939
 -0.7937461509192558
 0.08785251962947462
 0.9012462423871195
 0.9565863582511627
 0.7200595158108983
 -0.2264654627104493
 0.4184609232947032
 17.76332930431722
 4.187105241162879
 3.562323568927278
 327.7190746563061
 -0.1297391611889792
 -0.2035047451719555
 0.2775208649168174
 0.7138463592379161
 0.0582832787911746
 0.08164681102162701
 0.7118218741141056
 0.4968689448377985
 0.1540831538182754
 -0.07423863229866412
 1.005617792541576
 0.02032138869796007
 0.6408378565503318
 -0.2060284837851185
 0.01704227183375353
 0.01304944392349011
 0.6997038451083364
 0.5168657091403122
 -0.0004547527222368586
 0.1065453706887498
 -0.04143572608960892
 0.0188771392306427
 0.9965937929549427
 0.009233078991347954
 -0.2026027694414248
 -0.249241872259783
 0.2070630326716669


