# Created by Octave 4.0.2, Fri Jul 08 09:32:18 2016 CEST <michael@pelican>
# name: Zn
# type: matrix
# rows: 56
# columns: 1
 0.002865329512893983
 -0.009482955244644977
 -0.004786837276619939
 0.004738998422660301
 -0.7877399087950638
 -0.7937461509192558
 0.08785251962947462
 0.9012462423871195
 0.8834508728053339
 0.9505254052726733
 0.9565863582511627
 0.7200595158108983
 -0.2264654627104493
 -0.1206520257216923
 0.5649012409697566
 0.4184609232947032
 17.76332930431722
 4.187105241162879
 3.964756930475229
 3.976769010804211
 3.562323568927278
 327.7190746563061
 0.9803115691147803
 -0.1467392529792329
 -0.09955577877309481
 -0.1297391611889792
 -0.08744879805963131
 0.9818188875359989
 -0.2035047451719555
 -0.009032679830963779
 0.3190467184230963
 0.2775208649168174
 0.7138463592379161
 0.0582832787911746
 0.08164681102162701
 0.7118218741141056
 0.4968689448377985
 0.1540831538182754
 -0.07423863229866412
 1.005617792541576
 0.02032138869796007
 0.6439238191170613
 -0.210381381518781
 0.02703308068176767
 0.01692039911190592
 0.6973168218494512
 0.520156488946862
 -0.06160685996064288
 0.06507616550216221
 0.03515289116574824
 -0.01629808851434273
 0.9923352443933768
 0.01595831068249598
 -0.05381433570022629
 -0.2322621991753137
 0.1983027692275101


